0:
###
#.#
#.#

1:
#..
##.
###

2:
###
###
..#

3:
.##
##.
###

4:
###
.#.
###

5:
.##
##.
#..

50x44: 49 45 27 41 32 30
40x40: 50 34 42 34 45 40
43x45: 56 56 43 47 50 46
39x42: 27 30 32 36 30 27
50x36: 38 30 40 25 20 38
44x49: 30 40 32 37 41 43
39x39: 42 36 37 44 40 33
41x39: 50 39 31 38 47 41
39x39: 29 48 26 45 42 48
40x36: 32 44 39 31 40 37
45x45: 57 52 49 53 51 49
39x45: 29 34 19 39 36 38
43x35: 17 19 36 23 34 25
48x39: 46 36 40 29 27 29
39x41: 23 26 29 27 28 36
43x39: 31 26 27 35 35 28
35x36: 37 33 32 32 28 32
37x47: 28 27 29 27 31 37
46x43: 60 62 40 45 51 47
42x50: 38 35 53 36 31 30
47x36: 44 41 55 30 45 46
36x43: 24 22 37 22 29 34
42x44: 48 37 43 56 47 54
42x40: 32 36 26 22 37 29
36x47: 34 29 24 30 34 29
46x50: 67 71 56 51 56 53
37x39: 31 16 18 27 33 31
36x38: 35 35 34 43 28 36
35x41: 19 19 23 21 38 23
38x40: 26 27 27 28 25 22
39x45: 49 44 42 46 45 44
44x38: 51 37 40 45 35 51
50x44: 46 34 29 35 39 40
40x47: 33 42 25 25 34 35
41x39: 51 33 42 42 34 44
38x45: 43 48 45 38 49 40
48x41: 62 47 50 43 51 49
40x45: 36 55 50 46 41 52
49x42: 59 46 42 64 45 63
45x35: 39 39 36 45 46 36
46x45: 39 39 31 35 39 41
49x39: 53 47 50 53 42 49
44x47: 35 32 38 22 42 40
48x36: 22 32 29 35 39 34
37x50: 32 25 36 36 31 31
46x45: 37 30 44 34 42 38
48x35: 44 40 50 40 45 38
38x43: 45 48 38 41 40 40
46x44: 54 50 48 58 50 51
44x40: 57 45 42 43 37 48
47x45: 40 40 36 36 35 38
43x46: 33 41 29 28 39 39
46x47: 34 39 40 43 37 31
41x45: 24 36 37 33 34 31
44x44: 39 50 54 46 52 60
49x36: 46 44 51 36 46 50
47x43: 68 50 37 52 47 59
40x37: 26 23 25 24 35 23
39x45: 35 33 32 26 33 35
35x40: 21 23 27 27 24 21
41x35: 25 26 19 24 30 19
45x35: 31 40 36 49 45 42
41x49: 44 53 61 55 52 42
47x46: 30 33 31 45 44 42
38x43: 19 29 24 29 26 40
49x45: 37 49 45 41 33 35
38x44: 22 29 29 30 32 26
46x36: 21 34 39 28 33 24
50x40: 52 61 56 40 47 54
35x41: 20 31 17 26 20 28
44x46: 55 49 47 52 50 61
50x37: 30 31 31 38 23 38
39x40: 44 34 38 45 39 39
37x49: 44 44 53 47 44 47
39x39: 33 31 23 29 27 25
42x46: 33 36 36 36 31 38
42x45: 27 37 31 32 39 44
48x40: 22 44 41 28 32 41
50x43: 57 65 54 48 55 53
42x36: 44 41 36 34 40 38
46x38: 32 26 26 27 26 43
38x40: 44 37 33 41 47 29
36x43: 33 46 42 34 41 45
49x42: 38 43 42 33 25 43
38x42: 40 42 43 52 30 38
45x35: 42 33 33 43 47 45
38x36: 39 33 33 30 39 37
41x38: 35 40 52 46 32 33
48x39: 52 43 48 50 45 50
48x36: 23 36 35 35 30 32
42x42: 40 45 49 43 48 47
37x35: 23 20 22 20 22 24
48x37: 22 28 42 34 28 37
38x35: 23 27 20 22 18 21
43x39: 38 42 43 49 43 43
47x44: 56 50 53 58 50 50
45x50: 35 38 46 38 45 38
39x40: 44 41 51 32 31 42
42x47: 34 32 35 37 32 39
39x40: 46 43 37 45 36 31
41x39: 26 30 27 27 28 31
41x48: 37 37 35 24 33 42
37x42: 36 40 45 34 38 49
45x38: 53 42 42 40 50 33
35x43: 23 26 31 35 25 14
37x40: 44 33 43 27 40 41
37x47: 43 31 49 46 50 48
39x44: 27 39 24 34 32 25
37x42: 28 30 28 24 26 31
46x45: 31 62 56 57 58 57
47x47: 57 51 61 60 55 55
35x36: 30 33 25 36 38 32
39x41: 40 35 44 38 43 47
42x40: 29 29 42 26 23 33
35x49: 25 31 28 24 30 38
35x49: 36 29 33 25 28 24
37x42: 34 33 19 34 26 21
44x43: 28 36 37 34 28 33
46x46: 52 55 53 61 41 68
35x39: 35 32 36 39 38 28
38x39: 36 46 37 34 45 29
49x45: 48 67 57 54 69 42
48x39: 50 52 45 49 45 48
47x44: 43 47 65 61 50 51
46x47: 51 59 55 53 61 54
36x37: 29 37 39 26 42 32
42x43: 57 37 41 53 45 43
50x47: 42 47 38 47 37 29
35x40: 23 34 26 22 12 25
41x41: 34 38 32 49 48 63
44x43: 54 53 44 52 45 42
44x38: 41 40 44 47 47 36
36x41: 36 44 41 32 36 40
35x41: 37 33 38 37 35 42
38x37: 26 22 25 24 25 22
42x49: 63 56 42 55 52 48
44x40: 51 56 43 41 36 46
47x46: 39 27 41 29 43 45
43x49: 32 35 35 37 45 39
50x37: 55 36 38 55 52 47
44x47: 45 52 58 58 53 52
40x41: 41 39 51 43 41 35
43x41: 46 52 45 31 49 51
38x40: 45 29 43 38 38 40
35x36: 31 40 33 29 31 31
45x44: 55 53 43 57 44 54
47x50: 35 37 43 28 54 43
38x41: 35 28 22 25 16 30
47x40: 25 33 35 26 41 35
39x49: 37 45 54 53 50 57
40x42: 26 38 31 27 30 30
48x41: 33 25 44 39 40 27
50x43: 40 29 31 43 37 44
41x45: 36 31 33 40 34 21
43x46: 52 55 46 55 49 47
47x50: 39 41 36 50 29 45
35x39: 27 22 25 24 24 21
36x35: 23 26 19 17 22 25
49x39: 25 45 30 41 35 31
36x40: 41 42 31 38 38 31
41x48: 34 41 25 41 36 31
48x46: 34 45 33 42 45 41
42x46: 53 47 55 55 45 39
35x43: 38 42 42 40 38 30
37x47: 48 42 55 50 34 36
35x36: 26 13 22 31 18 22
50x45: 43 43 38 45 31 40
36x40: 24 33 28 20 29 22
44x37: 46 47 37 34 40 50
35x39: 40 37 27 37 34 36
45x39: 44 46 45 43 49 43
43x43: 39 25 33 36 29 33
40x42: 47 42 54 34 40 41
42x43: 38 26 35 39 29 29
40x43: 46 45 40 46 46 41
37x41: 28 20 25 29 22 31
41x36: 32 24 28 24 28 20
48x35: 26 25 29 36 33 27
48x37: 32 25 25 36 38 35
48x45: 57 51 50 59 60 55
47x37: 43 52 40 44 43 48
35x41: 28 21 27 16 27 24
35x48: 33 24 26 36 31 26
50x38: 36 56 51 49 45 60
42x40: 25 50 47 51 41 47
40x47: 36 21 36 38 36 27
38x49: 53 49 47 43 50 44
48x43: 40 35 39 37 37 35
40x50: 46 40 33 30 30 29
48x42: 50 53 54 49 55 49
46x45: 44 25 39 44 34 39
46x42: 40 45 52 59 56 43
47x36: 31 45 48 36 55 47
44x50: 34 30 45 34 39 41
45x43: 43 40 41 32 22 31
45x44: 36 30 37 35 40 32
40x44: 39 25 23 28 31 36
35x43: 40 42 32 42 39 37
41x39: 31 26 25 36 32 19
42x41: 29 27 34 23 31 38
48x35: 46 46 40 37 48 42
45x44: 40 52 60 49 51 54
36x36: 38 25 25 44 34 32
47x47: 39 35 45 37 31 37
37x36: 30 35 36 38 30 37
47x50: 42 36 38 42 40 41
47x45: 52 53 49 54 54 67
38x35: 16 27 19 19 23 27
47x45: 59 46 60 49 57 53
36x45: 22 35 26 31 24 42
44x50: 55 53 52 54 63 63
40x41: 45 37 41 42 47 39
48x42: 47 67 43 42 64 49
45x35: 32 32 22 28 25 25
36x45: 49 36 29 47 43 46
46x42: 38 62 44 56 50 49
41x48: 35 37 43 22 37 34
38x38: 41 36 30 35 42 39
49x41: 50 47 49 50 53 63
37x46: 38 54 41 42 46 42
41x46: 33 39 32 38 24 28
37x39: 50 37 37 31 31 36
40x39: 40 49 33 37 39 45
44x37: 49 36 43 43 40 38
40x36: 32 38 39 43 33 37
39x47: 55 36 54 47 43 45
49x49: 48 31 43 44 48 42
50x38: 39 32 34 19 41 27
37x39: 39 40 29 38 37 41
38x36: 15 33 27 23 19 26
43x41: 46 44 27 54 46 58
45x44: 33 36 36 29 39 36
45x41: 34 34 26 32 28 40
37x36: 30 21 20 23 29 21
45x38: 58 52 39 34 42 38
35x39: 42 35 32 35 34 31
47x39: 29 30 37 29 37 32
43x49: 47 62 62 52 52 49
49x37: 29 40 26 38 22 36
47x45: 35 48 40 33 36 32
39x44: 46 30 40 53 47 47
40x43: 52 42 44 45 32 52
38x46: 33 24 25 32 30 35
39x50: 58 43 59 45 50 42
42x46: 33 39 42 37 31 27
50x38: 31 31 38 23 34 34
46x42: 34 36 43 34 30 33
39x35: 25 29 19 20 29 20
48x40: 48 43 61 51 40 53
46x48: 55 40 36 26 38 44
35x45: 17 38 21 28 22 38
43x45: 47 52 62 50 38 49
42x35: 27 22 25 27 29 23
42x36: 29 27 28 27 31 25
42x49: 42 45 55 63 55 57
40x38: 29 28 17 31 26 24
41x36: 34 30 39 51 38 33
38x40: 16 23 26 32 30 29
50x44: 60 69 56 52 54 47
43x35: 35 31 46 38 41 40
44x46: 53 46 53 63 56 35
48x46: 58 29 33 45 40 34
46x48: 49 51 70 55 61 52
48x50: 69 55 60 51 68 67
35x43: 41 44 35 39 42 29
47x45: 34 34 44 28 46 38
50x44: 43 46 27 38 32 38
42x49: 29 48 35 38 36 38
48x38: 49 43 55 42 40 53
46x35: 42 47 46 36 39 38
37x45: 27 29 35 28 34 27
38x38: 19 19 24 27 28 27
46x42: 31 37 32 39 30 40
45x49: 32 40 43 38 43 44
46x49: 35 34 45 41 40 44
47x38: 42 52 49 50 37 46
41x44: 29 32 28 37 29 26
44x41: 54 34 53 52 45 35
48x40: 45 46 52 56 42 56
35x41: 34 37 37 41 40 30
37x35: 39 31 41 33 32 19
43x45: 32 29 35 40 37 37
41x50: 59 59 51 45 54 47
41x45: 41 33 29 29 36 26
36x46: 48 40 42 50 44 26
36x41: 32 40 30 49 38 39
50x38: 57 46 42 38 58 52
44x43: 31 42 25 31 36 30
47x47: 56 48 46 49 76 67
40x40: 43 43 39 41 42 38
42x40: 28 31 28 31 33 30
36x39: 42 26 37 40 31 40
44x43: 42 60 55 50 45 38
48x47: 46 40 30 41 42 40
42x44: 46 48 48 56 44 41
43x41: 20 32 34 39 28 29
40x47: 32 37 34 32 28 31
43x50: 26 40 40 46 41 31
44x40: 38 28 29 30 35 21
50x35: 56 39 40 36 50 49
50x35: 39 61 41 43 45 42
36x35: 26 29 17 19 21 19
36x50: 37 29 33 30 31 31
46x43: 51 39 58 54 50 51
48x42: 57 45 48 62 49 47
41x41: 23 24 31 22 31 37
45x43: 42 35 34 34 35 30
38x50: 37 26 40 27 22 39
36x40: 22 27 19 38 23 27
40x46: 40 36 26 25 24 43
48x49: 39 31 51 35 42 57
48x42: 42 40 30 34 35 42
38x38: 35 32 43 35 36 42
39x48: 32 32 34 40 35 35
50x36: 29 39 29 24 39 32
49x35: 26 36 25 27 32 30
49x43: 34 35 43 25 38 48
44x45: 31 31 39 40 27 41
38x45: 29 38 33 22 33 25
39x49: 53 42 45 38 55 65
39x46: 47 56 43 46 44 40
47x44: 63 46 53 58 46 51
41x44: 41 58 35 52 46 48
37x43: 28 28 32 31 28 20
39x45: 33 37 34 30 31 30
44x38: 26 29 34 24 26 28
50x43: 43 35 34 38 27 46
44x47: 62 57 39 50 61 49
44x43: 55 46 54 49 39 48
46x46: 33 32 42 32 47 39
49x39: 40 38 33 30 24 43
49x36: 43 48 37 46 46 55
45x48: 57 56 52 58 56 53
49x48: 63 65 62 65 47 61
41x41: 22 22 25 26 46 28
41x41: 30 24 32 29 29 25
36x49: 31 33 27 40 26 35
49x47: 65 50 57 69 49 65
49x49: 39 45 41 49 40 42
48x35: 47 47 30 54 37 45
36x41: 33 46 43 42 30 33
43x38: 30 37 28 15 22 35
41x43: 43 35 43 53 43 56
41x37: 48 30 41 38 38 37
45x36: 42 38 43 38 44 45
47x39: 33 30 32 31 31 37
35x45: 36 38 37 38 56 36
40x36: 20 24 29 32 31 19
36x45: 25 36 29 32 31 26
39x49: 33 42 36 30 27 40
46x45: 60 53 53 53 48 51
42x49: 62 47 53 46 58 49
44x37: 28 25 29 32 26 27
35x38: 39 29 32 40 30 34
43x41: 41 43 42 58 47 38
39x50: 27 36 39 39 32 34
39x49: 34 39 30 31 41 33
36x48: 29 34 33 28 27 41
47x36: 36 39 47 52 42 44
42x48: 65 42 52 54 44 52
38x47: 53 40 47 36 45 56
40x35: 15 24 22 27 30 24
35x35: 24 13 19 19 22 23
46x39: 42 42 42 47 58 44
35x49: 47 39 46 63 30 36
38x42: 54 35 40 34 41 41
44x46: 32 29 35 35 46 33
43x42: 36 24 21 37 49 28
39x45: 36 29 40 23 33 33
49x41: 40 27 41 32 46 21
43x50: 31 38 46 34 45 30
35x42: 32 44 40 26 38 51
37x49: 45 50 48 40 47 51
39x40: 34 37 41 49 41 37
49x41: 54 48 55 51 49 52
41x44: 32 35 21 30 33 30
39x46: 32 29 28 37 28 41
48x42: 40 45 45 28 42 24
49x47: 54 68 63 60 61 46
36x45: 41 52 41 33 35 52
45x42: 54 42 53 43 45 55
42x45: 43 40 31 38 36 22
44x36: 27 31 25 25 32 28
50x50: 66 61 72 63 50 76
43x47: 38 29 31 32 37 43
48x44: 60 50 61 52 41 63
36x46: 39 51 39 49 36 42
50x49: 39 57 31 36 41 52
43x43: 24 33 36 33 39 31
38x39: 34 33 36 44 42 39
43x37: 21 29 31 31 26 29
40x40: 25 39 31 17 28 28
48x41: 46 37 24 34 35 32
49x46: 55 74 53 62 58 43
37x44: 30 24 25 23 29 37
41x36: 33 39 33 49 34 40
39x40: 33 26 27 25 32 26
46x44: 40 40 38 30 18 43
47x37: 37 49 40 48 44 53
41x48: 46 54 45 55 59 42
39x45: 40 41 51 45 44 50
50x36: 36 30 40 23 34 28
50x42: 38 33 38 39 36 40
42x46: 44 52 57 57 48 36
41x50: 49 60 59 47 49 53
35x36: 35 23 32 30 38 36
41x50: 35 41 20 38 41 33
38x38: 22 28 22 29 21 22
43x42: 27 39 33 36 30 31
38x45: 56 46 36 41 48 34
37x37: 36 44 25 34 34 41
39x43: 41 40 32 51 50 44
46x36: 38 57 35 44 41 42
50x41: 60 54 47 43 57 56
45x40: 36 23 39 30 40 27
43x48: 35 38 45 35 35 36
35x41: 38 39 42 40 32 28
38x36: 38 28 29 42 29 47
39x46: 40 44 53 45 51 42
36x42: 40 37 36 38 40 43
41x50: 46 19 31 35 33 44
50x42: 37 34 36 45 37 34
43x36: 37 43 45 48 31 33
46x47: 49 54 50 56 57 71
43x38: 33 24 26 38 27 20
50x44: 38 45 35 38 35 33
43x40: 37 23 31 35 22 33
48x49: 57 56 61 68 60 59
41x44: 28 37 28 32 35 22
48x35: 46 33 48 46 42 42
41x37: 19 27 33 20 26 31
36x41: 26 31 20 28 25 25
46x39: 31 36 27 32 34 34
48x37: 36 36 36 27 31 26
48x39: 43 50 54 47 41 56
35x46: 36 40 55 40 32 46
42x47: 44 67 58 47 48 39
39x40: 34 28 20 32 22 32
41x48: 36 30 31 37 37 37
44x36: 27 28 33 24 25 30
47x49: 34 46 44 45 42 28
43x39: 47 39 37 54 39 41
37x44: 43 41 32 45 39 54
39x49: 30 36 34 38 42 28
48x35: 31 31 27 24 28 34
38x46: 31 27 32 28 29 33
36x38: 18 27 24 18 22 34
50x44: 64 53 58 55 53 55
43x44: 47 51 39 53 52 50
36x42: 28 25 30 28 35 22
45x48: 37 43 42 36 41 41
50x38: 48 57 39 46 47 60
48x42: 37 38 35 43 32 38
49x41: 34 29 32 42 34 36
50x44: 58 55 55 64 56 48
46x36: 28 32 29 34 27 30
40x49: 45 52 53 47 48 60
38x44: 23 28 33 30 28 25
43x46: 23 36 39 35 44 32
48x46: 43 43 38 37 35 44
44x35: 29 53 47 32 39 39
38x48: 52 43 54 45 43 42
47x39: 55 36 51 38 58 41
35x37: 15 24 22 21 22 27
37x35: 28 20 23 14 27 19
35x44: 42 41 48 40 31 34
43x43: 28 37 34 37 33 27
36x45: 46 43 42 31 48 39
43x42: 50 44 58 41 38 47
46x38: 48 39 41 41 53 47
50x45: 28 41 44 37 47 42
48x43: 51 40 56 63 53 53
36x42: 27 35 24 23 29 29
38x43: 24 30 33 21 34 26
44x41: 31 38 31 24 31 26
42x46: 53 48 58 49 46 41
50x47: 46 32 47 36 42 36
46x46: 56 58 65 40 61 43
35x37: 18 19 14 25 36 19
42x48: 42 54 36 59 63 59
50x39: 33 36 44 29 33 33
50x46: 49 67 70 52 61 55
46x40: 39 29 27 30 34 35
36x40: 42 36 35 32 37 41
41x48: 33 32 45 28 39 31
39x39: 50 44 41 28 35 36
47x36: 34 53 44 48 39 44
48x45: 63 51 56 44 60 59
39x43: 26 29 26 37 35 28
39x42: 36 27 26 38 27 27
49x49: 35 44 46 45 40 45
42x48: 45 48 57 54 56 49
47x44: 42 48 51 70 61 43
45x39: 40 39 46 45 50 51
45x37: 36 42 43 45 53 35
50x45: 43 37 43 44 35 38
46x37: 25 23 28 39 36 29
45x48: 46 38 46 44 34 31
38x37: 17 17 24 25 28 32
47x46: 61 59 50 51 56 57
47x45: 48 43 31 28 35 39
41x39: 44 35 37 41 44 46
47x46: 44 37 32 49 38 24
39x36: 44 39 32 30 37 34
49x35: 42 59 32 53 39 40
42x41: 48 52 37 39 37 57
43x39: 22 29 27 36 35 32
41x41: 47 40 47 46 37 41
48x36: 51 41 38 42 46 49
50x40: 50 43 58 49 57 49
36x43: 25 35 21 27 26 34
41x39: 22 26 24 28 27 41
46x50: 62 56 59 49 58 74
39x49: 39 28 36 27 39 38
48x37: 38 48 51 52 46 36
48x45: 35 37 33 47 49 39
37x43: 43 45 46 37 38 35
37x47: 40 42 37 49 48 54
42x35: 19 12 32 30 30 30
45x43: 53 48 50 53 53 37
35x47: 51 42 39 49 33 38
35x47: 49 44 33 45 39 44
37x40: 38 39 33 34 39 48
37x45: 38 39 45 41 48 46
42x35: 33 36 33 41 41 44
45x38: 23 37 30 20 34 35
36x38: 22 20 23 33 22 23
50x45: 58 54 61 58 52 65
48x40: 32 40 44 30 30 31
46x49: 30 37 44 47 39 42
42x36: 24 32 34 19 37 22
37x41: 43 49 39 33 33 38
36x44: 32 43 41 35 44 53
38x43: 24 24 27 39 27 27
40x50: 57 42 54 57 42 56
44x44: 29 35 37 40 23 31
49x48: 57 61 48 64 68 66
36x48: 29 42 35 26 30 30
45x48: 52 38 52 59 69 62
40x38: 36 36 42 39 44 36
48x44: 35 40 36 35 36 41
49x44: 56 45 59 61 61 46
36x36: 37 24 23 19 20 21
40x40: 50 35 43 42 41 32
47x47: 35 36 32 38 45 38
40x48: 43 46 47 50 60 49
48x49: 58 28 38 39 50 43
41x39: 36 42 47 39 48 32
38x47: 31 30 33 33 23 30
47x49: 53 66 65 63 49 60
47x43: 35 33 36 31 43 31
40x38: 46 38 40 25 46 39
39x42: 44 41 44 38 39 48
50x43: 30 35 35 44 38 41
47x38: 32 24 29 23 31 40
35x44: 38 43 37 42 38 40
36x42: 33 19 29 24 35 27
43x46: 28 37 34 34 42 34
37x38: 31 40 34 42 34 36
40x50: 42 23 30 36 43 34
41x41: 31 32 28 26 22 29
38x35: 29 36 36 40 25 41
44x50: 48 70 62 48 48 68
42x48: 57 40 54 57 48 53
45x38: 40 50 39 47 38 53
47x44: 38 33 34 40 31 33
50x37: 29 33 30 35 32 32
38x47: 25 33 36 34 28 23
45x49: 54 62 58 59 56 49
49x39: 49 44 48 55 52 44
41x48: 41 39 34 31 33 30
44x50: 54 61 58 64 50 51
35x37: 22 38 36 41 38 22
45x37: 32 34 17 27 35 34
42x42: 38 49 37 42 51 59
41x40: 27 28 32 32 21 28
47x35: 25 36 22 30 25 26
45x41: 45 57 42 43 47 53
40x35: 31 29 37 31 47 41
38x38: 26 27 38 16 22 15
42x38: 38 44 35 50 41 37
39x49: 36 26 32 39 35 39
42x47: 48 44 58 52 41 64
48x43: 36 33 39 27 48 40
35x40: 25 21 24 27 25 20
46x44: 35 48 37 40 22 28
40x40: 26 38 19 23 33 29
46x48: 62 56 50 59 54 60
50x45: 38 38 37 47 41 38
45x38: 46 48 47 40 46 34
39x40: 27 26 28 31 32 24
41x49: 50 52 55 57 50 43
42x42: 36 57 33 58 47 41
48x39: 49 49 53 46 49 40
49x47: 69 68 61 54 49 53
41x39: 44 35 43 39 34 54
39x37: 27 27 20 30 28 23
47x40: 46 58 53 42 41 52
42x41: 38 43 47 62 28 48
35x35: 17 23 14 19 25 23
45x46: 60 58 49 45 60 45
39x50: 49 53 50 45 46 61
38x36: 31 41 26 41 37 36
40x44: 38 51 57 41 37 49
37x46: 23 35 34 33 29 25
38x37: 38 39 39 41 22 39
36x46: 43 51 42 43 41 34
36x35: 26 34 46 27 23 41
49x49: 52 74 66 68 58 50
41x41: 38 39 45 47 47 42
37x41: 28 28 25 24 24 26
37x41: 19 18 37 28 22 31
41x47: 36 31 30 38 28 31
38x50: 44 44 52 55 48 49
47x40: 43 56 42 49 46 57
41x43: 36 35 33 26 23 29
36x42: 27 35 46 39 40 48
47x49: 36 49 44 33 38 40
43x47: 35 40 35 35 31 34
47x47: 35 39 35 37 46 32
49x50: 72 54 65 55 69 60
50x47: 65 47 60 65 58 67
35x39: 33 21 26 23 19 21
50x45: 52 56 61 56 66 54
35x39: 30 31 39 27 40 46
39x48: 45 50 46 49 49 50
45x46: 38 38 40 33 35 41
44x48: 41 60 55 57 57 57
42x49: 45 53 61 54 53 50
41x41: 51 41 39 37 42 51
45x47: 63 54 39 58 56 56
45x46: 28 29 38 49 41 39
50x36: 28 35 40 26 30 33
41x45: 35 31 31 29 38 31
40x50: 54 55 46 46 57 50
36x36: 37 26 26 36 32 45
39x44: 28 34 25 40 29 26
37x46: 54 55 43 32 38 41
41x44: 49 54 51 39 35 53
50x36: 39 45 47 51 51 43
38x40: 25 28 23 28 33 19
42x40: 45 36 44 45 52 33
50x45: 35 36 38 42 42 46
40x37: 37 31 36 44 43 35
42x40: 30 37 26 27 34 28
37x39: 43 31 39 44 33 29
49x40: 36 32 36 31 38 34
42x39: 43 40 45 33 47 45
48x42: 57 53 56 43 56 43
40x48: 39 27 37 25 46 34
35x37: 26 35 35 35 38 30
48x45: 53 66 54 45 58 59
45x40: 41 29 23 34 31 36
37x45: 24 30 31 38 29 27
36x46: 44 33 42 37 52 47
48x47: 56 47 66 59 60 58
37x42: 35 45 43 43 39 33
48x45: 67 56 55 46 52 57
49x36: 28 37 39 28 25 35
40x43: 48 41 45 40 48 42
45x43: 45 59 55 48 43 49
42x48: 58 52 51 54 53 39
46x50: 51 64 56 65 62 56
42x49: 31 42 40 36 45 30
48x36: 44 48 36 48 51 38
47x45: 54 51 64 54 48 54
50x45: 60 54 54 65 60 51
44x40: 29 32 30 30 38 23
43x39: 25 32 27 34 33 31
37x35: 31 33 40 22 42 31
36x41: 38 36 39 32 39 45
45x47: 39 40 37 36 45 27
40x37: 43 41 34 37 37 36
46x47: 60 66 49 52 53 54
43x47: 32 33 36 34 38 36
38x41: 38 38 41 43 39 41
39x50: 39 46 28 24 38 32
42x37: 26 28 27 32 27 27
36x39: 21 25 21 42 25 21
45x42: 36 38 37 31 36 31
38x50: 53 64 43 47 34 56
49x37: 48 53 40 43 48 49
35x37: 33 31 31 37 34 33
45x41: 41 33 24 34 30 32
47x37: 25 30 29 38 21 36
44x43: 38 49 51 55 51 47
48x44: 40 34 48 34 33 35
45x49: 52 59 61 57 57 53
45x45: 43 30 39 36 31 45
42x41: 21 35 33 26 41 26
47x40: 52 44 41 49 52 52
37x49: 31 32 26 36 23 43
36x42: 28 25 35 24 21 34
36x47: 52 51 37 33 50 37
41x50: 64 34 52 61 57 42
43x37: 39 36 40 50 39 40
38x50: 38 46 57 48 52 52
48x35: 46 41 40 40 40 55
47x42: 61 59 43 40 49 54
48x42: 45 34 37 38 35 34
39x36: 39 44 42 28 30 34
40x41: 42 44 39 46 37 46
37x47: 43 51 34 39 59 42
35x46: 30 24 24 34 22 31
47x36: 31 25 36 27 32 29
43x39: 47 48 41 39 44 39
44x50: 38 37 32 43 34 39
39x37: 42 36 34 34 42 33
41x42: 37 29 34 24 29 28
49x47: 62 58 63 62 56 51
49x36: 31 32 27 34 30 37
49x42: 33 35 44 34 31 47
41x45: 30 32 23 43 42 24
43x42: 38 57 51 50 44 37
46x44: 51 56 40 59 55 51
40x42: 28 20 29 34 30 40
35x40: 19 19 21 31 20 33
41x38: 23 29 24 22 37 20
37x39: 31 41 38 30 40 45
46x47: 43 50 54 57 68 62
37x44: 30 41 55 49 30 47
37x45: 42 43 50 42 41 37
45x41: 58 48 36 49 52 39
45x43: 44 55 52 45 47 58
46x49: 49 33 37 39 44 37
38x36: 26 18 17 28 26 29
50x40: 50 53 53 42 57 54
44x38: 28 33 30 26 19 31
47x45: 52 42 58 65 63 40
45x41: 38 53 35 58 46 58
50x37: 51 48 46 50 40 51
39x40: 25 22 34 24 32 32
36x46: 44 41 47 43 37 43
47x41: 51 45 47 53 49 52
41x42: 48 48 41 48 41 38
50x35: 48 36 52 44 44 44
42x43: 47 53 39 51 48 39
46x43: 64 39 54 50 43 54
50x37: 46 43 52 42 50 53
44x44: 29 25 33 35 41 33
43x36: 31 27 32 23 22 32
47x38: 29 29 30 23 36 33
38x37: 41 35 26 45 39 28
50x43: 45 50 26 30 38 34
41x44: 47 57 48 42 43 41
42x50: 42 28 28 39 39 47
48x44: 28 47 36 41 39 32
38x50: 39 47 63 61 37 44
42x49: 47 27 45 29 40 36
49x50: 67 50 65 67 67 58
43x45: 28 44 38 37 28 34
46x38: 44 39 48 50 43 44
39x41: 46 33 34 40 47 47
42x44: 37 34 25 35 32 32
37x39: 23 24 25 29 29 25
39x45: 36 37 26 25 35 36
49x38: 43 46 50 39 57 53
44x40: 24 26 41 28 35 28
47x42: 50 57 46 50 56 44
46x36: 28 28 29 29 31 35
45x43: 38 42 26 35 37 32
35x41: 28 15 27 30 21 22
49x42: 54 55 57 53 48 49
42x36: 33 30 19 30 28 28
39x41: 23 22 33 34 29 27
36x42: 34 40 44 43 36 35
36x35: 31 33 32 33 31 35
40x44: 25 31 35 21 37 33
36x50: 47 43 53 45 42 47
38x43: 32 29 28 22 28 29
36x36: 29 38 34 34 38 25
38x49: 40 33 30 27 27 34
47x42: 39 29 44 39 31 27
39x49: 37 34 33 46 26 31
44x42: 26 40 30 28 35 36
41x44: 27 28 29 39 26 32
35x46: 37 37 39 47 47 40
37x50: 26 32 32 37 35 30
35x48: 34 31 32 26 24 28
36x48: 30 26 36 30 36 33
37x49: 30 27 38 36 39 22
36x40: 39 38 36 26 51 30
50x35: 28 25 26 45 29 23
45x45: 54 55 52 51 49 51
43x49: 33 34 34 45 41 37
48x36: 34 46 60 37 41 50
43x44: 61 49 41 49 41 51
43x48: 56 53 56 54 46 53
37x37: 39 39 37 32 30 34
48x47: 36 35 39 46 38 45
40x49: 37 34 33 31 27 46
38x46: 22 31 29 29 35 33
48x49: 54 50 61 71 54 75
36x49: 31 35 38 17 40 30
45x35: 46 39 52 42 26 36
36x36: 40 30 30 36 31 32
42x41: 34 24 32 32 29 31
36x39: 36 30 31 38 36 48
43x41: 42 45 51 45 37 54
38x37: 17 27 23 25 21 30
47x43: 30 40 29 31 42 38
36x50: 41 19 32 29 40 31
45x36: 32 41 27 22 33 25
38x37: 29 13 28 29 21 24
45x40: 53 55 42 42 42 44
42x50: 44 34 36 38 39 33
49x38: 51 49 40 49 52 45
47x35: 38 47 44 38 45 42
37x47: 43 45 43 53 41 42
48x37: 44 55 41 39 40 60
43x45: 33 33 33 34 36 41
42x41: 34 27 33 29 31 28
50x35: 35 43 59 49 37 47
48x46: 63 61 55 52 52 58
47x48: 37 34 48 47 38 36
43x42: 37 35 31 33 25 35
40x45: 43 66 50 41 34 46
44x48: 43 66 54 61 46 58
37x36: 24 21 28 26 24 20
37x42: 33 48 41 44 38 35
44x40: 51 53 41 41 39 48
46x45: 61 52 58 44 55 47
42x36: 37 36 48 36 41 33
50x50: 44 49 35 43 41 43
42x45: 45 51 53 54 41 47
48x40: 58 64 47 43 44 39
37x44: 30 22 34 27 25 29
47x47: 38 36 45 35 31 39
38x50: 21 34 40 22 30 44
50x41: 33 30 41 39 36 28
48x36: 41 29 37 28 32 24
48x44: 27 47 38 36 38 38
43x40: 32 25 32 35 29 29
38x42: 43 34 35 47 42 45
50x38: 42 31 32 27 30 29
49x45: 43 57 39 30 30 40
36x35: 27 24 22 19 13 27
44x42: 41 56 49 48 49 41
49x40: 58 51 45 53 45 50
38x48: 28 23 38 36 37 29
36x47: 36 51 38 48 45 44
39x49: 39 30 27 33 40 38
50x48: 64 57 55 57 62 79
37x35: 22 25 20 24 24 17
35x37: 32 35 38 21 37 38
36x40: 39 37 28 34 41 45
40x40: 28 25 31 25 34 26
38x43: 38 49 42 35 46 43
36x39: 43 37 39 33 32 31
46x46: 62 53 55 53 50 52
39x39: 25 24 32 34 22 32
49x42: 44 50 55 65 44 61
35x43: 34 39 38 46 38 36
37x36: 25 25 21 19 25 29
36x43: 46 34 33 45 46 31
40x46: 48 40 50 46 49 50
41x39: 46 44 36 36 41 45
49x47: 54 67 59 53 65 57
50x37: 30 37 31 36 25 33
38x38: 34 40 38 36 30 48
46x46: 46 34 34 40 39 32
46x47: 60 52 61 49 53 58
37x49: 45 58 49 36 53 37
44x40: 26 34 36 30 31 25
38x43: 24 25 32 27 31 28
41x40: 16 32 25 25 45 26
44x44: 35 33 32 24 35 37
38x42: 35 49 39 43 45 34
47x37: 40 30 45 53 53 45
48x37: 53 50 48 48 37 35
36x37: 39 35 34 41 31 22
39x36: 26 32 28 24 24 22
37x45: 49 55 47 38 35 31
43x42: 36 22 28 35 40 34
42x45: 45 36 33 37 30 28
44x50: 63 66 59 42 52 59
35x40: 25 25 23 26 24 20
49x47: 37 37 32 51 45 37
38x48: 46 50 43 53 49 38
50x43: 53 63 62 64 43 44
42x42: 42 28 30 25 29 41
50x48: 56 61 44 72 69 70
43x38: 30 36 37 22 17 26
45x37: 31 29 27 37 31 25
41x46: 33 29 36 31 35 30
35x40: 46 31 43 33 29 32
46x42: 46 52 46 50 46 61
41x42: 29 29 49 29 13 33
41x36: 24 22 29 26 36 18
38x50: 57 52 42 50 43 49
43x36: 32 30 25 30 27 23
38x44: 42 34 44 36 50 53
48x36: 41 40 53 37 42 56
38x45: 47 49 45 45 40 36
44x35: 35 45 41 40 40 36
39x37: 22 29 29 25 23 28
48x38: 32 32 37 24 29 38
35x44: 41 51 34 45 35 30
37x43: 41 43 35 32 44 54
41x44: 39 56 45 52 42 45
38x48: 32 34 25 33 37 30
37x45: 46 41 49 42 39 38
40x49: 27 49 31 39 30 32
41x47: 45 52 54 64 40 39
47x38: 32 28 33 26 30 30
41x36: 26 30 32 19 20 29
47x36: 22 39 21 33 32 33
41x45: 42 48 44 57 47 46
42x48: 52 58 49 53 44 57
41x36: 37 40 32 46 39 32
41x39: 44 49 25 38 52 39
37x47: 25 30 34 29 33 28
49x42: 39 46 43 31 28 37
41x48: 60 48 33 39 62 65
38x44: 40 25 25 19 24 35
43x38: 44 45 34 35 53 41
46x49: 34 38 44 48 34 41
48x47: 40 38 46 41 37 37
44x47: 57 65 51 50 54 39
41x41: 27 31 23 31 24 32
39x39: 28 38 26 23 25 28
44x36: 41 41 45 37 34 48
35x47: 26 24 25 39 28 23
47x46: 46 66 62 52 49 61
36x39: 28 27 24 24 27 26
43x40: 29 32 29 33 27 31
42x47: 46 49 48 65 47 48
36x41: 30 27 22 26 24 26
45x36: 40 37 41 41 50 39
45x39: 55 48 36 48 40 43
45x41: 41 43 56 54 41 49
37x37: 24 17 29 25 23 25
46x38: 51 38 46 46 35 55
38x36: 43 38 35 25 36 34
43x45: 40 42 37 30 37 23
39x47: 34 26 32 33 35 35
36x50: 42 53 55 39 51 35
44x38: 56 35 36 50 37 42
35x39: 24 23 30 18 22 25
47x50: 67 56 57 64 60 56
47x40: 55 47 45 49 46 47
35x41: 44 37 30 33 40 37
47x42: 47 49 56 55 51 44
38x41: 49 34 42 36 38 40
41x39: 23 37 31 26 25 26
46x44: 27 36 37 44 31 35
39x39: 47 35 33 35 47 36
47x50: 37 37 44 30 50 41
35x44: 24 24 27 23 29 26
49x42: 55 53 52 56 45 57
46x39: 46 51 50 33 49 49
36x36: 28 34 35 38 29 37
38x50: 52 54 40 43 49 58
50x42: 37 36 45 39 33 33
39x35: 22 24 25 21 29 21
38x40: 34 23 24 25 27 23
46x40: 38 29 37 24 36 30
42x48: 49 60 44 49 55 56
45x42: 30 30 33 40 39 38
36x43: 30 24 40 24 20 30
44x36: 38 32 45 42 37 52
39x36: 32 39 33 32 44 37
38x43: 35 27 35 20 23 28
44x40: 42 58 53 34 40 46
50x43: 68 51 42 59 59 50
44x37: 41 38 47 39 42 44
40x49: 40 39 31 34 35 28
44x37: 48 43 35 45 43 35
41x37: 39 29 38 45 43 38
49x36: 25 25 41 30 34 36
35x47: 47 33 55 43 32 42
37x36: 35 38 28 24 39 45
43x39: 44 42 46 45 44 35
38x49: 49 40 56 42 58 38
47x48: 43 40 47 44 43 23
35x39: 49 30 36 32 27 36
48x43: 56 58 47 69 39 48
48x40: 33 37 32 35 36 34
43x40: 41 42 39 43 52 49
43x39: 39 30 39 42 47 66
49x36: 31 26 28 29 41 37
38x39: 25 25 25 28 26 27
36x41: 31 38 42 34 45 37
50x37: 46 36 49 55 55 40
50x42: 53 54 49 56 59 52
46x46: 41 37 34 30 43 39
42x39: 29 32 35 26 26 33
42x37: 39 39 37 52 33 39
49x47: 38 49 39 36 29 48
49x39: 45 52 42 45 61 50
45x37: 29 40 26 22 35 28
37x50: 44 58 46 45 49 43
47x42: 24 39 33 36 47 30
47x50: 63 67 60 62 53 57
48x37: 23 37 35 26 39 31
48x46: 35 39 41 43 42 40
35x38: 28 31 34 40 33 40
40x46: 31 31 30 34 31 38
48x42: 40 34 31 42 39 38
36x47: 32 27 26 26 36 33